2147483647
5646846846
5465465461
16854684
468468541684
216846848
1684682
68568463664
2147483647
5646846846
5465465461
16854684
468468541684
216846848
1684682
68568463664
2147483647
5646846846
5465465461
16854684
468468541684
216846848
1684682
68568463664
2147483647
5646846846
5465465461
16854684
468468541684
216846848
1684682
68568463664
2147483647
5646846846
5465465461
16854684
468468541684
216846848
1684682
68568463664
2147483647
2147483647
2147483647
2147483647
2147483647
2147483647
2147483647
2147483647
