3637540459146593639
8408462746465814643
7085667360092755018
4403210617761594573
4735287597372359154
5863405774403133766
5598299758207699028
1265737887833844200
3698059312838348662
9213452462225977955
7739444318744069321
5880381755862834482
8972265950320376369
4858364911224084826
8222907814687453445
7449943748619623145
8755996796820241835
1772859811600523462
3217969343240545364
4221553402872601986
8952519704484771105
2459557416663707783
7012056933599725630
4903203918600206561
8594661397722595902
2622143824281479831
3265522692323464043
4059247791661032504
3046822245052924652
3231502274095875835
5429246943789157692
4054224669982137112
7514898205583079682
4450190830532737859
8486685203742449322
5912924844580054313
2592315525301202949
4123157012703528852
2547815149176165822
1564349256147397113
1162839756840941224
9082730967853383829
3534288538778199281
2713150456790539759
2254309591964746985
1157301728575949541
6872070613096286923
484496931781673543
2214184572089668127
6055730836111072936
7007317094158681444
4798091009567521651
1887609999001301342
5287931004649680739
1455513856370929252
8208392001627320478
3265522692323464043
667115427753482668
5477688518344384784
3612704719109193267
3312070182463849808
4174275400511963925
4895839551706169711
9151692241678574778
6897323351586743797
6897264049164692506
8054506481761041699
6860447488451418360
6150885429070952211
7655507935337703246
5992489245155718706
2113415612277639801
3032432986819598900
5839060364657826638
4710246705995992011
5036946905852570284
4348667074776660523
4158980395689273941
4007677781499505776
5520015681797953339
6230166267432544723
2812719721784283827
5735303219263700208
6419317434988981071
3201578836963504457
5784510510166126158
6829339210727042160
6315764292807329162
4910901177718018888
8092438381656012476
1026336552168435224
5471409945428688556
7155189892534152078
1750143901893768749
7631336258483340098
4025974194735347908
7054693805259195085
6325257491663920767
8698112750990877908
1877400927864048862
2742001998770879980
8061033174159797808
1501165996893857827
4541577525354726907
4574584048343196420
6310432278297709323
5562697082068576442
6680045534432458302
4598085992076369388
3324496238647299123
8379291955943200848
7545895333392100372
3637026097073248820
2387987464102862752
994724828320180136
2658817033131156372
3941402547552174516
2448448543308017272
4495719317500981097
5770744010994309072
5142588962146786921
3637590727421817164
6727159254395572005
3119740357597684612
3788849977924183188
7142452343446082969
7983149601306537815
4142263530647385243
1945051623132546021
866254588603154952
2783273352775777250
1214737879714000736
4221681341430139570
4081897697963275770
5336964468225685301
3338093672295723366
4395717579881164696
4849161242638260871
2155098153849727088
911614307739416383
4443205945102111529
2682420954613912700
3175154661076985678
335061124709803475
5773499850764971948
2038451591705635968
1012105423960178660
6635863888638323596
2911431457486020081
3557899484859025020
5122639947044355324
3524869769334022106
2402179672707391587
8481728918002486716
4450190830532737859
5957274941944364602
7783692497799612199
4782455598828732332
6630379940348629688
1410030398863478324
6324667199825035503
6459137915476379348
52657540296925493
6044703867344200420
3148439280099019367
6025674543618810262
1717989364136944965
7645781643322550488
1762693737436927992
8014409323744617737
8600652362351523990
5086163311148009759
5096544027131033986
7509104415821449801
9180021687807060173
8064080701307916986
7003523972312758950
2423759903513353640
1539884461120516786
8052200612474593066
5644525877615934159
4967307112899350979
304033670906077294
7679463425429390042
4517699872101187434
7511066101866118354
4170092982958995788
2278473013179431936
6618661787061191834
5374295181980771793
9178775627213975001
5910026255318736291
2027184977476467713
6806281375133837866
7845275237630528257
8292605849360525550
4950575710645413255
4495719317500981097
8156392111582439838
4224663977453789042
8345136460094698609
8886762785644250174
5172324185090893263
1761919255443613646
6030977749078240423
5594364082254246122
3445444484736561663
5466617870177872993
542892229796356803
2237828376476032447
83687670429187724
7108322595891285298
1596239698667600252
7334713817922642375
1432725234307003452
3376011890469376434
4388532352695048214
1128256493006324737
6628526864384448000
2603608140143360871
5774985105055098448
2098795684256199327
1483343483430657688
5981772963276248067
5665241414748397991
4578767461476091291
2251136624119698958
1758982030268830721
7506936349900318194
9204647620887049597
1853407779533070870
3021725329230307374
3149618979765974018
7409412911935996771
8339654342181729823
2747948991316572382
5452032972007095433
1450606697427792673
5433660076758796551
8720713302941688061
4326222707007789250
1557248004830998243
7522111792302600338
5370309687938193227
2436555516102870229
153574506808667500
1897378546229994178
2833127958797057261
4089079231073730543
3070387192737169863
2380659983930736093
7794882716151978625
2965106995652577875
7821420383867710443
675479724919362380
5639270518002901534
8844816137999965691
3319881180765412595
46819709127881478
6532568077282657830
4311657793404980178
4460868671735211551
778554013238818107
5637704825946615082
8000989952380014926
6984691691423520711
5336759034393704819
8509224959740113627
8729324123740796706
2207344570594742093
6887371635803446363
8648883954812630797
9049129530305809991
6386848122025775771
6032349415763237718
1198816890766290252
1263197088550893034
8122868559642007538
6164215184832172115
8699688229902409466
352930816027821488
1951347000848695888
2843075424659976029
5993223087409207082
776466294959580579
6315028848087494163
578065152084038298
1633763379656470834
3578632679010395854
6459492761421178485
7585539658726766157
2045059129624846888
3522291887000375333
3572419902942426496
7833148007692582754
5858722077773823769
4633833800314702957
271870177149116625
1282056165869694751
7170343859804909179
1697333749397499441
973769511600655004
4425163057929779914
2653899853571067138
2046828020550292446
8636296974630693558
5174379528574041812
2147644818523424292
7678961399825881239
262428344601773696
7044477958610546395
707924947315693398
1650860393865396803
3492987681769889535
3004157859436119221
960837228266117383
3678054632052410889
2510503179581811285
8315318291660532509
6224388575736902447
2697206791084615938
5319312598577922786
6912393084544443128
1775368107719711081
2704029599310994358
8308153534451067201
5999717917204201762
412556541442650056
1041911625465271812
9169839328699310836
4296567408975283477
6566173685105273494
8092438381656012476
6213307618682572235
4911576084777069998
6614002414602654278
53893933692096485
6395212119541241741
6023661448117422474
4744057031499359908
465469151615940334
8107460103966879801
2622019579038706791
4048972142949944204
7251292810285925403
3934271042225608801
8925402806468875751
1469508416354276496
3649542598094652162
6871488409595266935
816529476085640929
8281509984111106912
3865920107827262070
7179385865526060961
4256483852315064104
5550873338439480093
1865264079788775225
657829407386661780
3546469662580681593
8456457000533244810
8076024744602800727
8565539832572450527
8931864628188944233
1736281894248177885
2415471290582466824
6657636867261588887
2630036960883679441
8833309580997870235
3992550730138624644
3354793901868075541
2440724077945905139
1715810422872955660
64140999466363801
107735391059803650
5895565732013284819
6232180767493115688
5051851533282454113
2056608803290367334
7939333028578424007
7902822735679208327
8818566332040503581
2279721254745691243
5791169531203104976
4772087186940520644
6401860098221417446
5713600076211116384
8258180461496581199
6677493297011811309
1629367987995984845
5883646240327010154
226668935383870030
1957832861066591953
1195933774090591185
6872836294054877367
2278078245793044066
8273874997892077016
3847747298459303090
853104153823112127
8123255142833890716
1980634876476001485
4226781341064489830
8079046571248034138
6029868957339781558
7366761533513388051
2974087656121365108
7970785096179257003
918918502025917410
5317083480653352056
4775144770232311253
7232435390751284415
2145034010622379198
7554878994445907695
7294947536142911422
7156409151884109819
2687979002492665962
291517181895030002
5680623764154834674
8666735132764142267
6703972552174955578
1421704008235775803
7926947778128388906
7999628725674596949
3597579709793508237
5140106545725457059
1053301445225834575
2838614697384911602
323177228532697189
6578108367540819290
4009768200965289360
741411871639998117
7977046286453271908
2273336684495207733
932701660983713649
761638147141213647
9126907670038644834
1332481775233044895
3795889632613222449
8212677705202835450
1453185399945684339
6739301565078599280
3633345478641053616
3503723179520267762
4681941633897308197
5239576338912826888
3109664405301190549
980184848439967032
8366026876341543907
3277698146891395719
3605305827560956897
6829450433670407211
5148463936600746655
6489294120922815081
404825630011723230
8939382253812981900
339582388485461269
3328843583376872394
2299036470752509851
6796710313852362991
4953229404360215838
778361947536325050
4236891854022948200
4859121327973870987
4918387062474235738
5347390712065305156
6907770423888292890
279689800714743101
5242374685044801357
7144970631487171195
4976783308389912259
190998124288643478
8750288674674288998
6617884325476091362
6520880299511545085
3917846189528215260
4048358332291445128
798709098395133078
4372455370986538303
4688879952697653093
5025680992567356816
8988164318156606369
404825630011723230
1965705342259472736
5654349078672055323
5038007832114163249
545685265061767819
2961133119750181631
5656270775153338544
4370411083041488302
1006149979119582503
2618672187882556260
4422192520934173495
5752629491805303920
4477578753445233547
500036277741932451
440339989419362967
4429002033388238612
9216373173604763688
9152827645805567610
4554790033849248818
4982433416607770489
5174869078520639074
1102968982267570960
4341201748666465878
2440066580437441059
5447779091520819038
8732793365878812277
2546756402163113069
3023467788328740531
8361055996702606002
5618688697835876037
3339918290460901203
4660927704103475340
2324050248463262673
1983635002212318525
8677689795317322497
4505155819130490792
1650538232404264497
5770107805997014860
2787531551388162215
2932331482404581226
8823179789076311800
6435524918627975816
1521996373602295435
7783544931414378124
7273462804686539309
4918387062474235738
3817499060172687477
5317083480653352056
4248713828848663816
7036245378089342384
745204821491664154
345012571565716498
6780537490193692314
8302533863795987750
6862706760503073714
4912797526187353567
5344887498288077285
6256688008630474000
5738911530084728022
1811726131586913572
6273461965662031389
8234766486583557978
1981156224998125272
1347860780414389669
6064567416560503588
9077657945042251994
8781293266838755244
3079055614100653811
1644655653701509751
7951899806136333490
6165534384480864977
4515738464766337222
5349237380925075926
6450312123400688083
7927293943984945247
2648777049089743451
1384417481594044329
962283029797748691
9084351746964830358
2329221355674593018
6179881296988512431
2934792329426119375
2162339052817971564
1419686924797952801
9009369807014567187
4123978351554044660
899682121458514596
4681368612868570632
3278981758557651503
2431433092905452529
3950448741056436337
4886118636112825804
4249837219213468509
4022760721798940668
5552749926431115599
5681000212815721081
4261797486992749652
853062987536115341
7757224358958796823
8172193176957784938
826497212962121015
1109042890454929489
4312196643790222718
6561823806300882581
5084864468827788648
7808612577503369814
8158473144562593723
7518863645157053760
6852067121969400503
6019063274372270264
7349073458040256061
7798606939549545462
1079084005029031089
7799587785301203420
1709689094599687832
1042129778941310967
697516150877858030
1575530336162810913
8357540947664740249
5875785663789294981
5785069625034121686
2812469527010946301
1844104007980078279
7129810295744920720
4953229404360215838
1227632667493537196
4921926685488871727
7551321809044540526
8476208540902487276
7029790360022542370
2379063410217640977
5077409922747962941
6350991333678087263
8703656753932209970
409165883630500834
3047736144783255338
6728436187024804457
1883280341141952150
7837026868276686565
3701570273661576909
5441899340688278586
3743925995894326142
4858422175963836352
7817022364013424840
8682060813100641889
4569332250843043921
8424213877063823272
8585805347236493630
718842415139123712
7113503966182716805
1432288057561927200
9115925442285766733
6752784408949446630
6198261975965001847
3546748320665309885
4140194676494394166
9206233708798308240
5220048027208888570
8956331475477967842
1221176490386156853
7491117494928131348
2475101799494623122
473911361540887274
7838537516892494717
5602520904622360700
3398399445215761866
4273909292045888145
5734114582397866300
438923633443774560
5448735343872624354
6018375911488957328
7589744681276019364
4683395610125877149
2157750867559916090
7829832819739044676
2711586169199577372
595715203639333908
683061765414845396
2336059162760346010
6273549815109926759
1162293610641785535
6881322687069852100
4876446371820598467
1900449073843471265
4151592771250955990
5953253745706103071
2222254641143498162
2164829157771514913
1777653296681684325
793686490054747489
434105226129377610
8190027010571124276
8089809560575124402
607364246272199854
2804600614967170213
1837295497572844563
1103848339304984770
4878168434356962628
447626289269609172
6697889615491217874
1407577642035118370
9041810356247303251
296844289837205002
7526191169937479140
5217485740658812443
1200560832477667827
7410374640710980232
5096544027131033986
1007972879560775300
6096332712407785538
2755006996307283808
9071158543190935497
5130593029083643494
56465034401732789
4813073324994281395
3150910189404257111
3326042551387077390
4605023254822366087
1538800351464874309
8143575778526734806
2999496751665228858
8486367401546133440
4568304333964789657
8886762785644250174
3230093871417165650
8348041095032602626
1870382503102138402
1167484915175572022
7385225698909296246
5387567329643987258
262869629489237057
7116550966791513768
4594646771427690712
7203335605147511150
645117434266804921
8123344627382639544
305737936193179662
5037545831098089330
5151004941823105630
6803264404012996238
7375727612169813141
1724315532989599447
4559270853208035545
2739158468389001844
1866131641938102668
5845162757458743784
5351965886978428265
1486187946087299044
2757850514708799416
5226129387902902065
2590393948124551835
899449342413864078
7259043121471483880
2923302039655275046
9108514041798731766
1374656901639594153
6516515783625049154
7957729121442650851
6865781823825520322
1402527559270628949
6178905692129256150
3011041778181087367
8238858825367379472
8010259529258787912
305207456000564381
4215564111421581770
194558012340152198
6994671168659006944
1983333296616940618
8758293416041577763
6452699816086619897
2442280115364331106
7674721879424119348
8262551892059435848
6944928617364315156
5587983703719310883
813507867433423709
7196839032339857708
7777421077258811252
5313104508309149165
5030018719836224456
295185620962329504
1231426593103587844
5874412718729223899
7924074002787220556
7265552450221533773
5273504964819241351
8464447325910425148
6349364589818118991
5794038567482941314
8200996828912939306
1302400979642915613
6556036878005960164
4530647240952608653
3236491595594165346
2978777395783710975
4007677781499505776
8681953227834048475
3453351305267020251
6002170453516352335
4640722077515025072
8309292419202438618
3049676344997405861
8244858898603253107
867710101523739933
1414635302936480018
3740917715978069
3866351499462201118
6970037370264073508
7199715794029289080
4000060746275186511
9001402531728990543
6081773257823450733
494808825069095279
8661863672269607935
1618666045649701616
6777617849520798433
1462894328330203648
5338722449696499605
4393703719900733922
8264379714516916841
3653293269029976852
6898548489933677870
1852486586341715907
2896639998457780692
7864052049178983842
4984205563607657664
6141122691924928054
1570012592550259169
3947598605457963418
829307114749808818
6079232234795596248
336550272085953255
5097681647475320964
937369153297592354
7170066960491091679
6763666296135263693
8945280121243313217
8357887891980214618
2748154939607781947
8539169097157563741
2060875002487902735
1538047219887597984
3829086972472808063
205431048457852442
8552315154819631216
2818289233085969523
8227715197897282818
7796743310316674079
6864096020040642910
600105007967663777
6492522025469429330
524524235306556293
8041404192532339561
3225532379366618560
7420292865829241950
819621594829833446
6854468197243151384
3995839252282312745
3037119393647319804
7925907222501168682
1044765790621534821
6919671393628664198
7440430238488893044
7704723970530058674
8649921749492204387
8222718488274227814
3963408456894035082
4817271776594939407
695452254910185551
3569476874744782214
3531770657399257873
2643208611803966206
2441837953551537902
6756745657262264672
6569990732391739502
1210516299052301448
2719983629332179490
879363845271621182
3485400261482267899
8178816852560052151
6336346600355280148
4450511526042413923
3045835867075493419
940351776984598741
1359591632988864800
2500476272652692331
5182627284363463836
7037140830657038540
2836484124813469732
4841148599482336672
2530297399160289130
6172068353471121384
4239388784481429663
4172688926385139717
4453320715005018058
4507833860831009619
3335574815282566405
4899952043843658090
4794865275517030034
3715766771655318732
5232133400560855455
3652363787073089563
1619666540848503614
1575879611143668215
1054376616218588582
6625148292759971512
1051966863963083190
5501560039312105666
2406547586074141212
4475701806881200830
1441095476288817760
8862447235802015254
3520152498751396163
6906791214511940116
1515971079916243292
7154027803810205757
7874693585136968224
8860595710407478179
7925502971276514706
7905899494705031186
4419561841173104834
9220159444548316942
809644552032428766
1874150015373970640
7362992719808339179
3282749310925968120
3364625686412642890
1720824618253703143
3251298154587774265
3527539534077110483
6265315524082063232
7473387496898646753
1580747196302723855
8653805236852349770
2598325121274348937
2915427537349377906
7006888747425083325
6701303572167321632
7500232061625616734
2586849754281915794
5660230493872195450
8938097724125464951
2836154604986704287
97925667767118132
7630202135568581196
8502211001712883266
644608046040356179
1155458877657842081
448615141853202126
6449579809902951021
8617508304950051984
2148590427017866745
5486357668246906296
993710504812564137
8991543017208427934
9172731823268444034
4820026229623613260
8521423963836321607
3551005568303236954
2383441236614393024
8546270498551933002
634692774076043642
4568839627352472369
3482714180974391421
6030121676089117866
5586015194968741185
5065822277110122933
2253059630936086978
3849030832908922250
8130595905651986027
8461232568739901942
1277799272747638694
4741765787245371634
3242542641362769786
6101427535426759794
2501878537738822182
946106645716872920
2078719903253784540
7055177198744817362
7100721628598463112
8664933007012640108
1918575563080365070
7456983797529056358
3096399274483743790
8277276563876608526
4321042580941685669
400429136062517365
1335462465305167818
6424194495651182827
770886723841731378
5205724458053274464
604862092715868607
6049736473467625418
7662443153951465649
8925696310846813426
6646245587682978103
9220159444548316942
5191519287997678565
544579920617621487
2952817749834898122
3238405170795862062
2965553559767206655
4611277511818916317
4490613228839873826
7466348213902124181
272615693426398742
6623297788599651132
4151036985128128727
3014238646961774140
8301634802299118732
5136545646770902543
7177180949295960818
599306307682111892
71168141683372033
7205473123193646878
4818730346136150830
9078233152466665589
1301098066663813247
6807063329022680018
